0.0235	0.02929687	0.000004	0.009899867
0.0236	0.02929687	0.000004	0.009899867
0.0237	0.02441406	0.000004	0.009899753
0.0238	0.02441406	0.000004	0.009899753
0.0239	0.01953125	0.000004	0.00989966
0.024	0.01953125	0.000004	0.00989966
0.0241	0.01953125	0.000004	0.00989966
0.0242	0.01953125	0.000004	0.00989966
0.0243	0.01464844	0.000004	0.009899588
0.0244	0.01464844	0.000004	0.009899588
0.0245	0.01464844	0.000004	0.009899588
0.0246	0.01464844	0.000004	0.009899588
0.0247	0.00976562	0.000004	0.009899536
0.0248	0.00976562	0.000004	0.009899536
0.0249	0.01464844	0.000004	0.009899588
0.025	0.01464844	0.000004	0.009899588
0.0251	0.01464844	0.000004	0.009899588
0.0252	0.01464844	0.000004	0.009899588
0.0253	0.01953125	0.000004	0.00989966
0.0254	0.01953125	0.000004	0.00989966
0.0255	0.01953125	0.000004	0.00989966
0.0256	0.02441406	0.000004	0.009899753
0.0257	0.02441406	0.000004	0.009899753
0.0258	0.02929687	0.000004	0.009899867
0.0259	0.03417969	0.000004	0.009900001
0.026	0.0390625	0.000004	0.009900156
0.0261	0.04394531	0.000004	0.009900332
0.0262	0.04882812	0.000004	0.009900528
0.0263	0.05371094	0.000004	0.009900745
0.0264	0.05859375	0.000004	0.009900983
0.0265	0.06347656	0.000004	0.009901242
0.0266	0.06835937	0.000004	0.009901521
0.0267	0.078125	0.000004	0.009902141
0.0268	0.078125	0.000004	0.009902141
0.0269	0.08300781	0.000004	0.009902482
0.027	0.09277344	0.000004	0.009903225
0.0271	0.09765625	0.000004	0.009903628
0.0272	0.10253906	0.000004	0.009904052
0.0273	0.10742187	0.000004	0.009904496
0.0274	0.11230469	0.000004	0.009904961
0.0275	0.1171875	0.000004	0.009905447
0.0276	0.12207031	0.000004	0.009905953
0.0277	0.12695312	0.000004	0.009906479
0.0278	0.13183594	0.000004	0.009907027
0.0279	0.13671875	0.000004	0.009907595
0.028	0.13671875	0.000004	0.009907595
0.0281	0.14160156	0.000004	0.009908183
0.0282	0.14160156	0.000004	0.009908183
0.0283	0.14160156	0.000004	0.009908183
0.0284	0.14648437	0.000004	0.009908793
0.0285	0.14648437	0.000004	0.009908793
0.0286	0.14648437	0.000004	0.009908793
0.0287	0.14648437	0.000004	0.009908793
0.0288	0.14160156	0.000004	0.009908183
0.0289	0.13671875	0.000004	0.009907595
0.029	0.13671875	0.000004	0.009907595
0.0291	0.13183594	0.000004	0.009907027
0.0292	0.12695312	0.000004	0.009906479
0.0293	0.12207031	0.000004	0.009905953
0.0294	0.1171875	0.000004	0.009905447
0.0295	0.11230469	0.000004	0.009904961
0.0296	0.10253906	0.000004	0.009904052
0.0297	0.09765625	0.000004	0.009903628
0.0298	0.08789062	0.000004	0.009902843
0.0299	0.08300781	0.000004	0.009902482
0.03	0.078125	0.000004	0.009902141
0.0301	0.06835937	0.000004	0.009901521
0.0302	0.06347656	0.000004	0.009901242
0.0303	0.05371094	0.000004	0.009900745
0.0304	0.04882812	0.000004	0.009900528
0.0305	0.0390625	0.000004	0.009900156
0.0306	0.03417969	0.000004	0.009900001
0.0307	0.02929687	0.000004	0.009899867
0.0308	0.02441406	0.000004	0.009899753
0.0309	0.01953125	0.000004	0.00989966
0.031	0.01953125	0.000004	0.00989966
0.0311	0.01953125	0.000004	0.00989966
0.0312	0.01953125	0.000004	0.00989966
0.0313	0.01953125	0.000004	0.00989966
0.0314	0.01953125	0.000004	0.00989966
0.0315	0.02929687	0.000004	0.009899867
0.0316	0.03417969	0.000004	0.009900001
0.0317	0.04394531	0.000004	0.009900332
0.0318	0.05371094	0.000004	0.009900745
0.0319	0.07324219	0.000004	0.00990182
0.032	0.08789062	0.000004	0.009902843
0.0321	0.11230469	0.000004	0.009904961
0.0322	0.13183594	0.000004	0.009907027
0.0323	0.15625	0.000004	0.009910073
0.0324	0.18554687	0.000004	0.009914408
0.0325	0.21972656	0.000004	0.009920403
0.0326	0.24902344	0.000004	0.009926342
0.0327	0.28808594	0.000004	0.009935408
0.0328	0.33203125	0.000004	0.009947172
0.0329	0.37597656	0.000004	0.009960587
0.033	0.42480469	0.000004	0.009977419
0.0331	0.47851562	0.000004	0.009998266
0.0332	0.52734375	0.000004	0.010019325
0.0333	0.5859375	0.000004	0.010047227
0.0334	0.64941406	0.000004	0.010080665
0.0335	0.71289062	0.000004	0.010117412
0.0336	0.78125	0.000004	0.010160644
0.0337	0.85449219	0.000004	0.010211121
0.0338	0.92773437	0.000004	0.010265835
0.0339	1.00585937	0.000004	0.010328792
0.034	1.08886719	0.000004	0.010400786
0.0341	1.171875	0.000004	0.010477932
0.0342	1.25488281	0.000004	0.010560115
0.0343	1.33789062	0.000004	0.010647219
0.0344	1.43554687	0.000004	0.010755833
0.0345	1.51855469	0.000004	0.010853231
0.0346	1.61132812	0.000004	0.010967447
0.0347	1.70410156	0.000004	0.011087151
0.0348	1.796875	0.000004	0.011212166
0.0349	1.89453125	0.000004	0.011349307
0.035	1.99707031	0.000004	0.011499207
0.0351	2.08984375	0.000004	0.01163985
0.0352	2.18261719	0.000004	0.011785083
0.0353	2.27539062	0.000004	0.011934739
0.0354	2.37304687	0.000004	0.012096871
0.0355	2.46582031	0.000004	0.012255096
0.0356	2.56347656	0.000004	0.012425896
0.0357	2.65136719	0.000004	0.012583196
0.0358	2.734375	0.000004	0.012734753
0.0359	2.82714844	0.000004	0.012907458
0.036	2.91503906	0.000004	0.013074181
0.0361	2.99316406	0.000004	0.013224824
0.0362	3.07128906	0.000004	0.013377687
0.0363	3.13964844	0.000004	0.013513204
0.0364	3.21777344	0.000004	0.013670028
0.0365	3.27636719	0.000004	0.013788969
0.0366	3.33984375	0.000004	0.013919063
0.0367	3.38867187	0.000004	0.014019993
0.0368	3.44238281	0.000004	0.014131856
0.0369	3.49609375	0.000004	0.014244579
0.037	3.54492187	0.000004	0.014347783
0.0371	3.58398437	0.000004	0.014430836
0.0372	3.61816406	0.000004	0.014503858
0.0373	3.65234375	0.000004	0.014577203
0.0374	3.66210937	0.000004	0.014598216
0.0375	3.67675781	0.000004	0.014629786
0.0376	3.69140625	0.000004	0.014661413
0.0377	3.70117187	0.000004	0.014682529
0.0378	3.70117187	0.000004	0.014682529
0.0379	3.69140625	0.000004	0.014661413
0.038	3.671875	0.000004	0.014619256
0.0381	3.65722656	0.000004	0.014587706
0.0382	3.64746094	0.000004	0.014566705
0.0383	3.60839844	0.000004	0.014482962
0.0384	3.57421875	0.000004	0.014410033
0.0385	3.54003906	0.000004	0.014337432
0.0386	3.49609375	0.000004	0.014244579
0.0387	3.44238281	0.000004	0.014131856
0.0388	3.38867187	0.000004	0.014019993
0.0389	3.33007812	0.000004	0.013898966
0.039	3.27148437	0.000004	0.013779014
0.0391	3.20800781	0.000004	0.013650313
0.0392	3.125	0.000004	0.013484029
0.0393	3.046875	0.000004	0.013329684
0.0394	2.97851562	0.000004	0.013196407
0.0395	2.890625	0.000004	0.013027573
0.0396	2.80273437	0.000004	0.012861678
0.0397	2.71484375	0.000004	0.012698837
0.0398	2.63671875	0.000004	0.012556749
0.0399	2.5390625	0.000004	0.012382797
0.04	2.44628906	0.000004	0.012221453
0.0401	2.35351562	0.000004	0.012064076
0.0402	2.25585937	0.000004	0.011902873
0.0403	2.15820312	0.000004	0.011746428
0.0404	2.06542969	0.000004	0.011602386
0.0405	1.96777344	0.000004	0.011455775
0.0406	1.875	0.000004	0.011321433
0.0407	1.78222656	0.000004	0.011192081
0.0408	1.6796875	0.000004	0.011055127
0.0409	1.58691406	0.000004	0.010936851
0.041	1.49414062	0.000004	0.010824109
0.0411	1.40625	0.000004	0.010722563
0.0412	1.31835937	0.000004	0.010626288
0.0413	1.23046875	0.000004	0.010535427
0.0414	1.14746094	0.000004	0.010454714
0.0415	1.06445312	0.000004	0.010379072
0.0416	0.98632812	0.000004	0.010312613
0.0417	0.90820312	0.000004	0.010250834
0.0418	0.83496094	0.000004	0.010197243
0.0419	0.76171875	0.000004	0.010147908
0.042	0.69335937	0.000004	0.010105755
0.0421	0.62988281	0.000004	0.010070022
0.0422	0.56640625	0.000004	0.010037609
0.0423	0.5078125	0.000004	0.010010662
0.0424	0.45898437	0.000004	0.009990404
0.0425	0.40527344	0.000004	0.009970443
0.0426	0.36132812	0.000004	0.009955932
0.0427	0.3125	0.000004	0.00994174
0.0428	0.27832031	0.000004	0.009933019
0.0429	0.23925781	0.000004	0.00992428
0.043	0.20507812	0.000004	0.00991771
0.0431	0.17578125	0.000004	0.009912881
0.0432	0.14648437	0.000004	0.009908793
0.0433	0.12207031	0.000004	0.009905953
0.0434	0.09765625	0.000004	0.009903628
0.0435	0.078125	0.000004	0.009902141
0.0436	0.06347656	0.000004	0.009901242
0.0437	0.05371094	0.000004	0.009900745
0.0438	0.0390625	0.000004	0.009900156
0.0439	0.03417969	0.000004	0.009900001
0.044	0.02441406	0.000004	0.009899753
0.0441	0.01953125	0.000004	0.00989966
0.0442	0.01953125	0.000004	0.00989966
0.0443	0.01953125	0.000004	0.00989966
0.0444	0.02441406	0.000004	0.009899753
0.0445	0.02441406	0.000004	0.009899753
0.0446	0.02441406	0.000004	0.009899753
0.0447	0.02929687	0.000004	0.009899867
0.0448	0.03417969	0.000004	0.009900001
0.0449	0.0390625	0.000004	0.009900156
0.045	0.04882812	0.000004	0.009900528
0.0451	0.05859375	0.000004	0.009900983
0.0452	0.06347656	0.000004	0.009901242
0.0453	0.06835937	0.000004	0.009901521
0.0454	0.07324219	0.000004	0.00990182
0.0455	0.08300781	0.000004	0.009902482
0.0456	0.09277344	0.000004	0.009903225
0.0457	0.10253906	0.000004	0.009904052
0.0458	0.10742187	0.000004	0.009904496
0.0459	0.11230469	0.000004	0.009904961
0.046	0.12207031	0.000004	0.009905953
0.0461	0.12695312	0.000004	0.009906479
0.0462	0.13183594	0.000004	0.009907027
0.0463	0.13671875	0.000004	0.009907595
0.0464	0.14160156	0.000004	0.009908183
0.0465	0.14648437	0.000004	0.009908793
0.0466	0.14648437	0.000004	0.009908793
0.0467	0.15136719	0.000004	0.009909423
0.0468	0.15136719	0.000004	0.009909423
0.0469	0.15625	0.000004	0.009910073
0.047	0.15136719	0.000004	0.009909423
0.0471	0.15136719	0.000004	0.009909423
0.0472	0.15136719	0.000004	0.009909423
0.0473	0.14648437	0.000004	0.009908793
0.0474	0.14648437	0.000004	0.009908793
0.0475	0.14160156	0.000004	0.009908183
0.0476	0.13671875	0.000004	0.009907595
0.0477	0.13183594	0.000004	0.009907027
0.0478	0.12695312	0.000004	0.009906479
0.0479	0.12207031	0.000004	0.009905953
0.048	0.1171875	0.000004	0.009905447
0.0481	0.10742187	0.000004	0.009904496
0.0482	0.10742187	0.000004	0.009904496
0.0483	0.09765625	0.000004	0.009903628
0.0484	0.09277344	0.000004	0.009903225
0.0485	0.08789062	0.000004	0.009902843
0.0486	0.078125	0.000004	0.009902141
0.0487	0.07324219	0.000004	0.00990182
0.0488	0.06835937	0.000004	0.009901521
0.0489	0.06347656	0.000004	0.009901242
0.049	0.05859375	0.000004	0.009900983
0.0491	0.05371094	0.000004	0.009900745
0.0492	0.04882812	0.000004	0.009900528
0.0493	0.04394531	0.000004	0.009900332
0.0494	0.0390625	0.000004	0.009900156
0.0495	0.03417969	0.000004	0.009900001
0.0496	0.02929687	0.000004	0.009899867
0.0497	0.02929687	0.000004	0.009899867
0.0498	0.02441406	0.000004	0.009899753
0.0499	0.01953125	0.000004	0.00989966
0.05	0.01953125	0.000004	0.00989966
0.0501	0.01464844	0.000004	0.009899588
0.0502	0.01464844	0.000004	0.009899588
0.0503	0.01464844	0.000004	0.009899588
0.0504	0.00976562	0.000004	0.009899536
0.0505	0.00976562	0.000004	0.009899536
0.0506	0.00976562	0.000004	0.009899536
0.0507	0.00976562	0.000004	0.009899536
0.0508	0.00976562	0.000004	0.009899536
0.0509	0.00976562	0.000004	0.009899536
0.051	0.01464844	0.000004	0.009899588
0.0511	0.01464844	0.000004	0.009899588
0.0512	0.01464844	0.000004	0.009899588
0.0513	0.01464844	0.000004	0.009899588
0.0514	0.01953125	0.000004	0.00989966
0.0515	0.01953125	0.000004	0.00989966
0.0516	0.01953125	0.000004	0.00989966
0.0517	0.02441406	0.000004	0.009899753
0.0518	0.02441406	0.000004	0.009899753
0.0519	0.02929687	0.000004	0.009899867
0.052	0.02929687	0.000004	0.009899867
0.0521	0.02929687	0.000004	0.009899867
0.0522	0.03417969	0.000004	0.009900001
0.0523	0.03417969	0.000004	0.009900001
0.0524	0.0390625	0.000004	0.009900156
0.0525	0.0390625	0.000004	0.009900156
0.0526	0.0390625	0.000004	0.009900156
0.0527	0.0390625	0.000004	0.009900156
0.0528	0.04394531	0.000004	0.009900332
0.0529	0.04394531	0.000004	0.009900332
0.053	0.04394531	0.000004	0.009900332
0.0531	0.04394531	0.000004	0.009900332
0.0532	0.04394531	0.000004	0.009900332
0.0533	0.04394531	0.000004	0.009900332
0.0534	0.04882812	0.000004	0.009900528
0.0535	0.04394531	0.000004	0.009900332
0.0536	0.04394531	0.000004	0.009900332
0.0537	0.04394531	0.000004	0.009900332
0.0538	0.04394531	0.000004	0.009900332
0.0539	0.04394531	0.000004	0.009900332
0.054	0.04394531	0.000004	0.009900332
0.0541	0.0390625	0.000004	0.009900156
0.0542	0.0390625	0.000004	0.009900156
0.0543	0.0390625	0.000004	0.009900156
0.0544	0.03417969	0.000004	0.009900001
0.0545	0.03417969	0.000004	0.009900001
0.0546	0.03417969	0.000004	0.009900001
0.0547	0.02929687	0.000004	0.009899867
0.0548	0.02929687	0.000004	0.009899867
0.0549	0.02441406	0.000004	0.009899753
0.055	0.02441406	0.000004	0.009899753
0.0551	0.02441406	0.000004	0.009899753
0.0552	0.01953125	0.000004	0.00989966
0.0553	0.01953125	0.000004	0.00989966
0.0554	0.01953125	0.000004	0.00989966
0.0555	0.01953125	0.000004	0.00989966
0.0556	0.01464844	0.000004	0.009899588
0.0557	0.01464844	0.000004	0.009899588
0.0558	0.01464844	0.000004	0.009899588
0.0559	0.01464844	0.000004	0.009899588
0.056	0.00976562	0.000004	0.009899536
0.0561	0.00976562	0.000004	0.009899536
0.0562	0.00976562	0.000004	0.009899536
0.0563	0.00976562	0.000004	0.009899536
0.0564	0.00976562	0.000004	0.009899536
0.0565	0.00488281	0.000004	0.009899505
0.0566	0.00488281	0.000004	0.009899505
0.0567	0.00488281	0.000004	0.009899505
0.0568	0.00976562	0.000004	0.009899536
0.0569	0.00488281	0.000004	0.009899505
			
			
			
			
			
			
			
			
			
			
			
			
			
			
			
			
			
			
			
			
			
			
			
			
			
			
			
			
			
			
			
			
			
			
			
			
			
			
			
			
			
			
			
			
			
			
			
			
			
			
			
			
			
			
			
			
			
			
			
			
			
			
			
			
			
			
			
			
			
			
			
			
			
			
			
			
			
			
			
			
			
			
			
			
			
			
			
			
			
			
			