0,00950000	0,06347656	NaN
0,01000000	0,06347656	NaN
0,01050000	0,06835937	NaN
0,01100000	0,06835937	NaN
0,01150000	0,06347656	NaN
0,01200000	0,06835937	NaN
0,01250000	0,06347656	NaN
0,01300000	0,05859375	NaN
0,01350000	0,05859375	NaN
0,01400000	0,04882812	NaN
0,01450000	0,04394531	NaN
0,01500000	0,03906250	NaN
0,01550000	0,04394531	NaN
0,01600000	0,03906250	NaN
0,01650000	0,04394531	NaN
0,01700000	0,04882812	NaN
0,01750000	0,05859375	NaN
0,01800000	0,06835937	NaN
0,01850000	0,08300781	NaN
0,01900000	0,09277344	NaN
0,01950000	0,11230469	NaN
0,02000000	0,12207031	NaN
0,02050000	0,13671875	NaN
0,02100000	0,15136719	NaN
0,02150000	0,14648437	NaN
0,02200000	0,15136719	NaN
0,02250000	0,14648437	NaN
0,02300000	0,14160156	NaN
0,02350000	0,12695312	NaN
0,02400000	0,10742187	NaN
0,02450000	0,09277344	NaN
0,02500000	0,07324219	NaN
0,02550000	0,05859375	NaN
0,02600000	0,04882812	NaN
0,02650000	0,04394531	NaN
0,02700000	0,05371094	NaN
0,02750000	0,07812500	NaN
0,02800000	0,11718750	NaN
0,02850000	0,18066406	NaN
0,02900000	0,26367187	NaN
0,02950000	0,36621094	NaN
0,03000000	0,49316406	NaN
0,03050000	0,64453125	NaN
0,03100000	0,81542969	NaN
0,03150000	1,00585937	NaN
0,03200000	1,20117187	NaN
0,03250000	1,41113281	NaN
0,03300000	1,62109375	NaN
0,03350000	1,83105469	NaN
0,03400000	2,03613281	NaN
0,03450000	2,22167969	NaN
0,03500000	2,38769531	NaN
0,03550000	2,52441406	NaN
0,03600000	2,63671875	NaN
0,03650000	2,71484375	NaN
0,03700000	2,75390625	NaN
0,03750000	2,75878906	NaN
0,03800000	2,71972656	NaN
0,03850000	2,64648437	NaN
0,03900000	2,54394531	NaN
0,03950000	2,40234375	NaN
0,04000000	2,24121094	NaN
0,04050000	2,05078125	NaN
0,04100000	1,85546875	NaN
0,04150000	1,64550781	NaN
0,04200000	1,43066406	NaN
0,04250000	1,22070312	NaN
0,04300000	1,02050781	NaN
0,04350000	0,83007812	NaN
0,04400000	0,65917969	NaN
0,04450000	0,50781250	NaN
0,04500000	0,38085937	NaN
0,04550000	0,26855469	NaN
0,04600000	0,18554687	NaN
0,04650000	0,12207031	NaN
0,04700000	0,07812500	NaN
0,04750000	0,05371094	NaN
0,04800000	0,03906250	NaN
0,04850000	0,03906250	NaN
0,04900000	0,04882812	NaN
0,04950000	0,06347656	NaN
0,05000000	0,07812500	NaN
0,05050000	0,09277344	NaN
0,05100000	0,11230469	NaN
0,05150000	0,12207031	NaN
0,05200000	0,13183594	NaN
0,05250000	0,13671875	NaN
0,05300000	0,13183594	NaN
0,05350000	0,12695312	NaN
0,05400000	0,11718750	NaN
0,05450000	0,10742187	NaN
0,05500000	0,09277344	NaN
0,05550000	0,08300781	NaN
0,05600000	0,06835937	NaN
0,05650000	0,05859375	NaN
0,05700000	0,04882812	NaN
0,05750000	0,03906250	NaN
0,05800000	0,03906250	NaN
0,05850000	0,03417969	NaN
0,05900000	0,03417969	NaN
0,05950000	0,03906250	NaN
0,06000000	0,03906250	NaN
0,06050000	0,04882812	NaN
0,06100000	0,04882812	NaN
0,06150000	0,05371094	NaN
0,06200000	0,05859375	NaN
0,06250000	0,06347656	NaN
0,06300000	0,06347656	NaN
0,06350000	0,06347656	NaN
0,06400000	0,06347656	NaN
0,06450000	0,05859375	NaN
0,06500000	0,05859375	NaN
0,06550000	0,05371094	NaN
0,06600000	0,04882812	NaN
0,06650000	0,04394531	NaN
0,06700000	0,03906250	NaN
0,06750000	0,03906250	NaN
0,06800000	0,03417969	NaN
0,06850000	0,03417969	NaN
0,06900000	0,03417969	NaN
0,06950000	0,03417969	NaN
