0.01750000	0.01464844	0.020
0.01760000	0.01464844	0.020
0.01770000	0.01464844	0.020
0.01780000	0.01464844	0.020
0.01790000	0.01464844	0.020
0.01800000	0.01464844	0.020
0.01810000	0.01953125	0.020
0.01820000	0.01953125	0.020
0.01830000	0.01953125	0.020
0.01840000	0.01953125	0.020
0.01850000	0.01953125	0.020
0.01860000	0.01953125	0.020
0.01870000	0.02441406	0.020
0.01880000	0.02441406	0.020
0.01890000	0.02929687	0.020
0.01900000	0.02929687	0.020
0.01910000	0.02929687	0.020
0.01920000	0.02929687	0.020
0.01930000	0.02929687	0.020
0.01940000	0.03417969	0.020
0.01950000	0.03417969	0.020
0.01960000	0.03417969	0.020
0.01970000	0.03906250	0.020
0.01980000	0.03906250	0.020
0.01990000	0.03906250	0.020
0.02000000	0.04394531	0.020
0.02010000	0.04394531	0.020
0.02020000	0.04394531	0.020
0.02030000	0.04394531	0.020
0.02040000	0.04882812	0.020
0.02050000	0.04882812	0.020
0.02060000	0.04882812	0.020
0.02070000	0.04882812	0.020
0.02080000	0.04882812	0.020
0.02090000	0.04882812	0.020
0.02100000	0.05371094	0.020
0.02110000	0.05371094	0.020
0.02120000	0.05371094	0.020
0.02130000	0.05371094	0.020
0.02140000	0.05371094	0.020
0.02150000	0.05371094	0.020
0.02160000	0.05859375	0.020
0.02170000	0.05859375	0.020
0.02180000	0.05859375	0.020
0.02190000	0.05859375	0.020
0.02200000	0.05859375	0.020
0.02210000	0.05859375	0.020
0.02220000	0.06347656	0.020
0.02230000	0.05859375	0.020
0.02240000	0.05859375	0.020
0.02250000	0.06347656	0.020
0.02260000	0.05859375	0.020
0.02270000	0.05859375	0.020
0.02280000	0.05859375	0.020
0.02290000	0.05859375	0.020
0.02300000	0.05371094	0.020
0.02310000	0.06347656	0.020
0.02320000	0.05859375	0.020
0.02330000	0.05859375	0.020
0.02340000	0.05859375	0.020
0.02350000	0.05371094	0.020
0.02360000	0.05371094	0.020
0.02370000	0.05371094	0.020
0.02380000	0.04882812	0.020
0.02390000	0.04882812	0.020
0.02400000	0.04882812	0.020
0.02410000	0.04882812	0.020
0.02420000	0.04882812	0.020
0.02430000	0.04394531	0.020
0.02440000	0.04394531	0.020
0.02450000	0.04394531	0.020
0.02460000	0.04394531	0.020
0.02470000	0.03906250	0.020
0.02480000	0.03906250	0.020
0.02490000	0.03417969	0.020
0.02500000	0.03417969	0.020
0.02510000	0.02929687	0.020
0.02520000	0.02929687	0.020
0.02530000	0.02441406	0.020
0.02540000	0.02441406	0.020
0.02550000	0.02441406	0.020
0.02560000	0.01953125	0.020
0.02570000	0.01953125	0.020
0.02580000	0.01953125	0.020
0.02590000	0.01953125	0.020
0.02600000	0.01464844	0.020
0.02610000	0.00976562	0.020
0.02620000	0.00976562	0.020
0.02630000	0.00976562	0.020
0.02640000	0.00976562	0.020
0.02650000	0.00976562	0.020
0.02660000	0.00976562	0.020
0.02670000	0.00976562	0.020
0.02680000	0.00488281	0.020
0.02690000	0.00976562	0.020
0.02700000	0.00976562	0.020
0.02710000	0.00488281	0.020
0.02720000	0.00976562	0.020
0.02730000	0.00976562	0.020
0.02740000	0.00976562	0.020
0.02750000	0.01464844	0.020
0.02760000	0.01464844	0.020
0.02770000	0.01953125	0.020
0.02780000	0.01953125	0.020
0.02790000	0.01953125	0.020
0.02800000	0.02441406	0.020
0.02810000	0.02929687	0.020
0.02820000	0.03417969	0.020
0.02830000	0.03906250	0.020
0.02840000	0.03906250	0.020
0.02850000	0.04882812	0.020
0.02860000	0.05371094	0.020
0.02870000	0.05859375	0.020
0.02880000	0.06347656	0.020
0.02890000	0.07324219	0.020
0.02900000	0.07812500	0.020
0.02910000	0.08300781	0.020
0.02920000	0.09277344	0.020
0.02930000	0.10253906	0.020
0.02940000	0.10742187	0.020
0.02950000	0.12207031	0.020
0.02960000	0.13183594	0.020
0.02970000	0.14160156	0.020
0.02980000	0.15136719	0.020
0.02990000	0.16113281	0.020
0.03000000	0.17089844	0.020
0.03010000	0.18554687	0.020
0.03020000	0.19531250	0.020
0.03030000	0.20996094	0.020
0.03040000	0.22460937	0.020
0.03050000	0.23925781	0.020
0.03060000	0.25390625	0.020
0.03070000	0.26855469	0.020
0.03080000	0.28320312	0.020
0.03090000	0.29785156	0.020
0.03100000	0.31250000	0.020
0.03110000	0.32714844	0.020
0.03120000	0.34179687	0.020
0.03130000	0.36132812	0.020
0.03140000	0.37597656	0.020
0.03150000	0.39550781	0.020
0.03160000	0.41503906	0.020
0.03170000	0.43457031	0.020
0.03180000	0.45410156	0.020
0.03190000	0.47363281	0.020
0.03200000	0.49316406	0.020
0.03210000	0.51269531	0.020
0.03220000	0.53222656	0.020
0.03230000	0.55175781	0.020
0.03240000	0.57128906	0.020
0.03250000	0.59570312	0.020
0.03260000	0.62011719	0.020
0.03270000	0.63964844	0.020
0.03280000	0.65917969	0.020
0.03290000	0.68359375	0.020
0.03300000	0.70312500	0.020
0.03310000	0.72265625	0.020
0.03320000	0.74707031	0.020
0.03330000	0.76660156	0.020
0.03340000	0.79101562	0.020
0.03350000	0.81054687	0.020
0.03360000	0.83984375	0.020
0.03370000	0.85449219	0.020
0.03380000	0.87402344	0.020
0.03390000	0.89843750	0.020
0.03400000	0.92285156	0.020
0.03410000	0.94238281	0.020
0.03420000	0.96191406	0.020
0.03430000	0.98144531	0.020
0.03440000	1.00097656	0.020
0.03450000	1.02539062	0.020
0.03460000	1.04492187	0.020
0.03470000	1.06445312	0.020
0.03480000	1.08398437	0.020
0.03490000	1.10839844	0.020
0.03500000	1.12304687	0.020
0.03510000	1.14257812	0.020
0.03520000	1.15722656	0.020
0.03530000	1.17187500	0.020
0.03540000	1.19140625	0.020
0.03550000	1.20605469	0.020
0.03560000	1.22558594	0.020
0.03570000	1.24023437	0.020
0.03580000	1.25976562	0.020
0.03590000	1.27441406	0.020
0.03600000	1.28417969	0.020
0.03610000	1.29882812	0.020
0.03620000	1.31347656	0.020
0.03630000	1.31835937	0.020
0.03640000	1.33300781	0.020
0.03650000	1.34277344	0.020
0.03660000	1.35253906	0.020
0.03670000	1.36230469	0.020
0.03680000	1.37207031	0.020
0.03690000	1.37695312	0.020
0.03700000	1.38183594	0.020
0.03710000	1.38671875	0.020
0.03720000	1.39160156	0.020
0.03730000	1.40136719	0.020
0.03740000	1.40625000	0.020
0.03750000	1.40625000	0.020
0.03760000	1.41113281	0.020
0.03770000	1.41113281	0.020
0.03780000	1.41601562	0.020
0.03790000	1.41601562	0.020
0.03800000	1.41601562	0.020
0.03810000	1.41113281	0.020
0.03820000	1.40625000	0.020
0.03830000	1.40136719	0.020
0.03840000	1.39648437	0.020
0.03850000	1.39160156	0.020
0.03860000	1.38671875	0.020
0.03870000	1.38183594	0.020
0.03880000	1.37207031	0.020
0.03890000	1.36718750	0.020
0.03900000	1.36230469	0.020
0.03910000	1.35253906	0.020
0.03920000	1.33789062	0.020
0.03930000	1.33300781	0.020
0.03940000	1.32324219	0.020
0.03950000	1.31347656	0.020
0.03960000	1.29394531	0.020
0.03970000	1.27929687	0.020
0.03980000	1.26464844	0.020
0.03990000	1.25000000	0.020
0.04000000	1.23535156	0.020
0.04010000	1.21582031	0.020
0.04020000	1.20117187	0.020
0.04030000	1.18652344	0.020
0.04040000	1.16699219	0.020
0.04050000	1.14746094	0.020
0.04060000	1.13281250	0.020
0.04070000	1.10839844	0.020
0.04080000	1.09375000	0.020
0.04090000	1.06933594	0.020
0.04100000	1.04980469	0.020
0.04110000	1.03027344	0.020
0.04120000	1.01074219	0.020
0.04130000	0.99121094	0.020
0.04140000	0.96679687	0.020
0.04150000	0.94726562	0.020
0.04160000	0.92773437	0.020
0.04170000	0.90332031	0.020
0.04180000	0.88378906	0.020
0.04190000	0.85937500	0.020
0.04200000	0.83984375	0.020
0.04210000	0.81542969	0.020
0.04220000	0.79101562	0.020
0.04230000	0.77148437	0.020
0.04240000	0.75195312	0.020
0.04250000	0.72753906	0.020
0.04260000	0.70800781	0.020
0.04270000	0.68847656	0.020
0.04280000	0.66406250	0.020
0.04290000	0.63964844	0.020
0.04300000	0.62011719	0.020
0.04310000	0.60058594	0.020
0.04320000	0.57617187	0.020
0.04330000	0.55664062	0.020
0.04340000	0.53710937	0.020
0.04350000	0.51757812	0.020
0.04360000	0.49804687	0.020
0.04370000	0.47851562	0.020
0.04380000	0.45898437	0.020
0.04390000	0.43945312	0.020
0.04400000	0.41503906	0.020
0.04410000	0.40039062	0.020
0.04420000	0.38085937	0.020
0.04430000	0.36132812	0.020
0.04440000	0.34667969	0.020
0.04450000	0.33203125	0.020
0.04460000	0.31250000	0.020
0.04470000	0.29785156	0.020
0.04480000	0.28320312	0.020
0.04490000	0.26367187	0.020
0.04500000	0.24902344	0.020
0.04510000	0.23437500	0.020
0.04520000	0.22460937	0.020
0.04530000	0.20996094	0.020
0.04540000	0.19531250	0.020
0.04550000	0.18066406	0.020
0.04560000	0.17089844	0.020
0.04570000	0.15625000	0.020
0.04580000	0.15136719	0.020
0.04590000	0.13671875	0.020
0.04600000	0.12695312	0.020
0.04610000	0.11718750	0.020
0.04620000	0.10742187	0.020
0.04630000	0.09765625	0.020
0.04640000	0.09277344	0.020
0.04650000	0.08789062	0.020
0.04660000	0.07812500	0.020
0.04670000	0.06835937	0.020
0.04680000	0.06347656	0.020
0.04690000	0.05859375	0.020
0.04700000	0.04882812	0.020
0.04710000	0.04394531	0.020
0.04720000	0.03906250	0.020
0.04730000	0.03417969	0.020
0.04740000	0.02929687	0.020
0.04750000	0.02441406	0.020
0.04760000	0.01953125	0.020
0.04770000	0.01953125	0.020
0.04780000	0.01464844	0.020
0.04790000	0.01464844	0.020
0.04800000	0.00976562	0.020
0.04810000	0.00976562	0.020
0.04820000	0.00976562	0.020
0.04830000	0.00488281	0.020
0.04840000	0.00976562	0.020
0.04850000	0.00976562	0.020
0.04860000	0.00488281	0.020
0.04870000	0.00488281	0.020
0.04880000	0.00488281	0.020
0.04890000	0.00488281	0.020
0.04900000	0.00488281	0.020
0.04910000	0.00488281	0.020
0.04920000	0.00976562	0.020
0.04930000	0.00976562	0.020
0.04940000	0.00976562	0.020
0.04950000	0.00976562	0.020
0.04960000	0.01464844	0.020
0.04970000	0.01464844	0.020
0.04980000	0.01464844	0.020
0.04990000	0.01953125	0.020
0.05000000	0.01953125	0.020
0.05010000	0.01953125	0.020
0.05020000	0.02441406	0.020
0.05030000	0.02441406	0.020
0.05040000	0.02441406	0.020
0.05050000	0.02441406	0.020
0.05060000	0.02929687	0.020
0.05070000	0.02929687	0.020
0.05080000	0.02929687	0.020
0.05090000	0.03417969	0.020
0.05100000	0.03417969	0.020
0.05110000	0.03906250	0.020
0.05120000	0.03906250	0.020
0.05130000	0.04394531	0.020
0.05140000	0.04394531	0.020
0.05150000	0.04394531	0.020
0.05160000	0.04882812	0.020
0.05170000	0.04882812	0.020
0.05180000	0.04882812	0.020
0.05190000	0.04882812	0.020
0.05200000	0.04882812	0.020
0.05210000	0.05371094	0.020
0.05220000	0.05371094	0.020
0.05230000	0.05371094	0.020
0.05240000	0.05371094	0.020
0.05250000	0.05859375	0.020
0.05260000	0.05371094	0.020
0.05270000	0.05859375	0.020
0.05280000	0.05859375	0.020
0.05290000	0.05859375	0.020
0.05300000	0.05371094	0.020
0.05310000	0.05859375	0.020
0.05320000	0.05859375	0.020
0.05330000	0.05859375	0.020
0.05340000	0.05859375	0.020
0.05350000	0.05859375	0.020
0.05360000	0.05859375	0.020
0.05370000	0.05859375	0.020
0.05380000	0.05859375	0.020
0.05390000	0.05371094	0.020
0.05400000	0.05371094	0.020
0.05410000	0.05371094	0.020
0.05420000	0.05371094	0.020
0.05430000	0.05371094	0.020
0.05440000	0.04882812	0.020
0.05450000	0.04882812	0.020
0.05460000	0.04882812	0.020
0.05470000	0.04882812	0.020
0.05480000	0.04882812	0.020
0.05490000	0.04394531	0.020
0.05500000	0.04394531	0.020
0.05510000	0.04394531	0.020
0.05520000	0.04394531	0.020
0.05530000	0.03906250	0.020
0.05540000	0.03906250	0.020
0.05550000	0.03906250	0.020
0.05560000	0.03417969	0.020
0.05570000	0.03417969	0.020
0.05580000	0.03417969	0.020
0.05590000	0.03417969	0.020
0.05600000	0.02929687	0.020
0.05610000	0.02929687	0.020
0.05620000	0.02441406	0.020
0.05630000	0.02441406	0.020
0.05640000	0.02441406	0.020
0.05650000	0.02441406	0.020
0.05660000	0.02441406	0.020
0.05670000	0.01953125	0.020
0.05680000	0.01953125	0.020
0.05690000	0.01953125	0.020
0.05700000	0.01464844	0.020
0.05710000	0.01464844	0.020
0.05720000	0.01464844	0.020
0.05730000	0.01464844	0.020
0.05740000	0.01464844	0.020
0.05750000	0.00976562	0.020
0.05760000	0.00976562	0.020
0.05770000	0.00976562	0.020
0.05780000	0.00976562	0.020
0.05790000	0.00976562	0.020
0.05800000	0.00976562	0.020
0.05810000	0.00976562	0.020
0.05820000	0.00488281	0.020
0.05830000	0.00488281	0.020
0.05840000	0.00976562	0.020
0.05850000	0.00488281	0.020
0.05860000	0.00488281	0.020
0.05870000	0.00488281	0.020
0.05880000	0.00488281	0.020
0.05890000	0.00488281	0.020
0.05900000	0.00488281	0.020
0.05910000	0.00488281	0.020
0.05920000	0.00488281	0.020
0.05930000	0.00488281	0.020
0.05940000	0.00488281	0.020
0.05950000	0.00488281	0.020
0.05960000	0.00488281	0.020
0.05970000	0.00488281	0.020
0.05980000	0.00488281	0.020
0.05990000	0.00488281	0.020
0.06000000	0.00976562	0.020