0.0095	0.03417969	0.009900001
0.01	0.03417969	0.009900001
0.0105	0.0390625	0.009900156
0.011	0.03417969	0.009900001
0.0115	0.03417969	0.009900001
0.012	0.03417969	0.009900001
0.0125	0.03417969	0.009900001
0.013	0.03417969	0.009900001
0.0135	0.0390625	0.009900156
0.014	0.03417969	0.009900001
0.0145	0.02441406	0.009899753
0.015	0.02441406	0.009899753
0.0155	0.01953125	0.00989966
0.016	0.02929687	0.009899867
0.0165	0.02929687	0.009899867
0.017	0.02929687	0.009899867
0.0175	0.02929687	0.009899867
0.018	0.03417969	0.009900001
0.0185	0.04394531	0.009900332
0.019	0.04394531	0.009900332
0.0195	0.05859375	0.009900983
0.02	0.05859375	0.009900983
0.0205	0.06835937	0.009901521
0.021	0.078125	0.009902141
0.0215	0.08789062	0.009902843
0.022	0.09277344	0.009903225
0.0225	0.078125	0.009902141
0.023	0.09277344	0.009903225
0.0235	0.08300781	0.009902482
0.024	0.06835937	0.009901521
0.0245	0.05371094	0.009900745
0.025	0.04394531	0.009900332
0.0255	0.02929687	0.009899867
0.026	0.02929687	0.009899867
0.0265	0.02441406	0.009899753
0.027	0.02929687	0.009899867
0.0275	0.04394531	0.009900332
0.028	0.06347656	0.009901242
0.0285	0.09765625	0.009903628
0.029	0.14160156	0.009908183
0.0295	0.20507812	0.00991771
0.03	0.28808594	0.009935408
0.0305	0.34667969	0.009951461
0.031	0.41503906	0.009973891
0.0315	0.49804687	0.01000645
0.032	0.59570312	0.010052154
0.0325	0.69824219	0.01010864
0.033	0.80078125	0.010173687
0.0335	0.90332031	0.01024713
0.034	1.00097656	0.01032472
0.0345	1.08886719	0.010400786
0.035	1.16699219	0.010473253
0.0355	1.23535156	0.01054033
0.036	1.28417969	0.010590302
0.0365	1.31835937	0.010626288
0.037	1.33300781	0.010641961
0.0375	1.328125	0.01063672
0.038	1.30859375	0.010615922
0.0385	1.26953125	0.010575132
0.039	1.21582031	0.01052082
0.0395	1.14257812	0.010450123
0.04	1.05957031	0.010374783
0.0405	0.96679687	0.010296726
0.041	0.86425781	0.010218173
0.0415	0.76660156	0.010151063
0.042	0.6640625	0.010088853
0.0425	0.56152344	0.010035254
0.043	0.46875	0.009994295
0.0435	0.37597656	0.009960587
0.044	0.29296875	0.009936634
0.0445	0.22460937	0.009921341
0.045	0.16113281	0.009910744
0.0455	0.11230469	0.009904961
0.046	0.07324219	0.00990182
0.0465	0.04394531	0.009900332
0.047	0.02929687	0.009899867
0.0475	0.01953125	0.00989966
0.048	0.01464844	0.009899588
0.0485	0.01464844	0.009899588
0.049	0.01953125	0.00989966
0.0495	0.02929687	0.009899867
0.05	0.0390625	0.009900156
0.0505	0.04394531	0.009900332
0.051	0.05371094	0.009900745
0.0515	0.05859375	0.009900983
0.052	0.05859375	0.009900983
0.0525	0.06347656	0.009901242
0.053	0.06347656	0.009901242
0.0535	0.05859375	0.009900983
0.054	0.05371094	0.009900745
0.0545	0.04394531	0.009900332
0.055	0.04394531	0.009900332
0.0555	0.03417969	0.009900001
0.056	0.02929687	0.009899867
0.0565	0.02441406	0.009899753
0.057	0.01953125	0.00989966
0.0575	0.01953125	0.00989966
0.058	0.01464844	0.009899588
0.0585	0.01464844	0.009899588
0.059	0.01464844	0.009899588
0.0595	0.01464844	0.009899588
0.06	0.01464844	0.009899588
0.0605	0.01953125	0.00989966
0.061	0.01953125	0.00989966
0.0615	0.02441406	0.009899753
0.062	0.02441406	0.009899753
0.0625	0.02929687	0.009899867
0.063	0.02929687	0.009899867
0.0635	0.02929687	0.009899867
0.064	0.02441406	0.009899753
0.0645	0.02441406	0.009899753
0.065	0.02441406	0.009899753
0.0655	0.02441406	0.009899753
0.066	0.01953125	0.00989966
0.0665	0.01464844	0.009899588
0.067	0.01464844	0.009899588
0.0675	0.01464844	0.009899588
0.068	0.01464844	0.009899588
0.0685	0.01464844	0.009899588
0.069	0.01464844	0.009899588
0.0695	0.00976562	0.009899536
		
		
		
		
		
		
		
		
		
		
		
		
		
		
		
		
		
		
		
		
		
		
		
		
		
		
		
		
		
		
		
		
		
		
		
		
		
		
		
		
		
		
		
		
		
		
		
		
		
		
		
		
		
		
		
		
		
		
		
		
		
		
		
		
		
		
		
		
		
		
		
		
		
		
		
		
		
		
		
		
		
		
		
		
		
		
		
		
		
		
		
		
		
		
		
		
		
		
		
		
		
		
		
		
		
		
		
		
		
		
		
		
		
		
		
		
		
		
		
		
		
		
		
		
		
		
		
		
		
		
		
		
		
		
		
		
		
		
		
		
		
		
		
		
		
		
		
		
		
		
		
		
		
		
		
		
		
		
		
		
		
		
		
		
		
		
		
		
		
		
		
		
		
		
		
		
		
		
		
		
		
		
		
		
		
		
		
		
		
		
		
		
		
		
		
		
		
		
		
		
		
		
		
		
		
		
		
		
		
		
		
		
		
		
		
		
		
		
		
		
		
		
		
		
		
		
		
		
		
		
		
		
		
		
		
		
		
		
		
		
		
		
		
		
		
		
		
		
		
		
		
		
		
		
		
		
		
		
		
		
		
		
		
		
		
		
		
		
		
		
		
		
		
		
		
		
		
		
		
		
		
		
		
		
		
		
		
		
		
		
		
		
		
		
		
		
		
		
		
		
		
		
		
		
		